         G        A        L        M        F        W        K        Q        E        S        P        V        I        C        Y        H        R        N        D        T         
Start    0.0000   0.0000   0.0000   0.0000   0.0000   0.0000   0.0000   0.0000   0.0000   0.0000   0.0000   0.0000   0.0000   0.0000   0.0000   0.0000   0.0000   0.0000   0.0000   0.0000    
I0       0.0500   0.0500   0.0500   0.0500   0.0500   0.0500   0.0500   0.0500   0.0500   0.0500   0.0500   0.0500   0.0500   0.0500   0.0500   0.0500   0.0500   0.0500   0.0500   0.0500    
M1       0.0083   0.0083   0.0083   0.0083   0.0083   0.0083   0.6265   0.0144   0.0083   0.0083   0.0083   0.0144   0.0174   0.0083   0.0083   0.0083   0.2023   0.0083   0.0083   0.0083    
D1       0.0000   0.0000   0.0000   0.0000   0.0000   0.0000   0.0000   0.0000   0.0000   0.0000   0.0000   0.0000   0.0000   0.0000   0.0000   0.0000   0.0000   0.0000   0.0000   0.0000    
I1       0.0500   0.0500   0.0500   0.0500   0.0500   0.0500   0.0500   0.0500   0.0500   0.0500   0.0500   0.0500   0.0500   0.0500   0.0500   0.0500   0.0500   0.0500   0.0500   0.0500    
M2       0.0435   0.7126   0.0083   0.0083   0.0083   0.0083   0.0083   0.0083   0.0083   0.0083   0.0083   0.0993   0.0083   0.0113   0.0083   0.0083   0.0083   0.0083   0.0083   0.0083    
D2       0.0000   0.0000   0.0000   0.0000   0.0000   0.0000   0.0000   0.0000   0.0000   0.0000   0.0000   0.0000   0.0000   0.0000   0.0000   0.0000   0.0000   0.0000   0.0000   0.0000    
I2       0.0500   0.0500   0.0500   0.0500   0.0500   0.0500   0.0500   0.0500   0.0500   0.0500   0.0500   0.0500   0.0500   0.0500   0.0500   0.0500   0.0500   0.0500   0.0500   0.0500    
M3       0.0083   0.0083   0.1554   0.0199   0.0083   0.0083   0.0862   0.0314   0.0083   0.0083   0.0083   0.0429   0.0256   0.0083   0.0083   0.0083   0.4985   0.0083   0.0083   0.0401    
D3       0.0000   0.0000   0.0000   0.0000   0.0000   0.0000   0.0000   0.0000   0.0000   0.0000   0.0000   0.0000   0.0000   0.0000   0.0000   0.0000   0.0000   0.0000   0.0000   0.0000    
I3       0.0500   0.0500   0.0500   0.0500   0.0500   0.0500   0.0500   0.0500   0.0500   0.0500   0.0500   0.0500   0.0500   0.0500   0.0500   0.0500   0.0500   0.0500   0.0500   0.0500    
M4       0.0083   0.0112   0.0083   0.0083   0.0775   0.0083   0.0083   0.0083   0.0083   0.0083   0.0083   0.0083   0.0083   0.0083   0.7696   0.0083   0.0083   0.0083   0.0083   0.0083    
D4       0.0000   0.0000   0.0000   0.0000   0.0000   0.0000   0.0000   0.0000   0.0000   0.0000   0.0000   0.0000   0.0000   0.0000   0.0000   0.0000   0.0000   0.0000   0.0000   0.0000    
I4       0.0500   0.0500   0.0500   0.0500   0.0500   0.0500   0.0500   0.0500   0.0500   0.0500   0.0500   0.0500   0.0500   0.0500   0.0500   0.0500   0.0500   0.0500   0.0500   0.0500    
M5       0.0083   0.0141   0.0083   0.0083   0.0083   0.0083   0.0083   0.0083   0.0112   0.0747   0.0285   0.0083   0.0083   0.0083   0.0083   0.0083   0.0112   0.0516   0.6946   0.0141    
D5       0.0000   0.0000   0.0000   0.0000   0.0000   0.0000   0.0000   0.0000   0.0000   0.0000   0.0000   0.0000   0.0000   0.0000   0.0000   0.0000   0.0000   0.0000   0.0000   0.0000    
I5       0.0500   0.0500   0.0500   0.0500   0.0500   0.0500   0.0500   0.0500   0.0500   0.0500   0.0500   0.0500   0.0500   0.0500   0.0500   0.0500   0.0500   0.0500   0.0500   0.0500    
M6       0.0083   0.0083   0.0083   0.0083   0.6456   0.0083   0.0083   0.0083   0.0083   0.0083   0.0083   0.0083   0.0083   0.0083   0.2044   0.0083   0.0083   0.0083   0.0083   0.0083    
D6       0.0000   0.0000   0.0000   0.0000   0.0000   0.0000   0.0000   0.0000   0.0000   0.0000   0.0000   0.0000   0.0000   0.0000   0.0000   0.0000   0.0000   0.0000   0.0000   0.0000    
I6       0.0500   0.0500   0.0500   0.0500   0.0500   0.0500   0.0500   0.0500   0.0500   0.0500   0.0500   0.0500   0.0500   0.0500   0.0500   0.0500   0.0500   0.0500   0.0500   0.0500    
M7       0.0083   0.0141   0.0083   0.0112   0.0083   0.0083   0.0170   0.0487   0.0343   0.0487   0.0112   0.0401   0.0112   0.4697   0.0083   0.0083   0.0112   0.0256   0.0574   0.1496    
D7       0.0000   0.0000   0.0000   0.0000   0.0000   0.0000   0.0000   0.0000   0.0000   0.0000   0.0000   0.0000   0.0000   0.0000   0.0000   0.0000   0.0000   0.0000   0.0000   0.0000    
I7       0.0500   0.0500   0.0500   0.0500   0.0500   0.0500   0.0500   0.0500   0.0500   0.0500   0.0500   0.0500   0.0500   0.0500   0.0500   0.0500   0.0500   0.0500   0.0500   0.0500    
M8       0.0256   0.7263   0.0083   0.0083   0.0083   0.0083   0.0083   0.0458   0.0083   0.0083   0.0689   0.0083   0.0083   0.0083   0.0083   0.0083   0.0083   0.0083   0.0083   0.0083    
D8       0.0000   0.0000   0.0000   0.0000   0.0000   0.0000   0.0000   0.0000   0.0000   0.0000   0.0000   0.0000   0.0000   0.0000   0.0000   0.0000   0.0000   0.0000   0.0000   0.0000    
I8       0.0500   0.0500   0.0500   0.0500   0.0500   0.0500   0.0500   0.0500   0.0500   0.0500   0.0500   0.0500   0.0500   0.0500   0.0500   0.0500   0.0500   0.0500   0.0500   0.0500    
M9       0.0083   0.0343   0.0083   0.0372   0.0083   0.0083   0.0083   0.0660   0.1035   0.0228   0.0083   0.0314   0.0112   0.0083   0.0083   0.0083   0.4985   0.0083   0.0083   0.1035    
D9       0.0000   0.0000   0.0000   0.0000   0.0000   0.0000   0.0000   0.0000   0.0000   0.0000   0.0000   0.0000   0.0000   0.0000   0.0000   0.0000   0.0000   0.0000   0.0000   0.0000    
I9       0.0500   0.0500   0.0500   0.0500   0.0500   0.0500   0.0500   0.0500   0.0500   0.0500   0.0500   0.0500   0.0500   0.0500   0.0500   0.0500   0.0500   0.0500   0.0500   0.0500    
M10      0.0141   0.0401   0.0083   0.0083   0.0083   0.0083   0.0083   0.0170   0.0747   0.0228   0.0083   0.0083   0.0083   0.0112   0.0083   0.0083   0.0141   0.1929   0.5129   0.0170    
D10      0.0000   0.0000   0.0000   0.0000   0.0000   0.0000   0.0000   0.0000   0.0000   0.0000   0.0000   0.0000   0.0000   0.0000   0.0000   0.0000   0.0000   0.0000   0.0000   0.0000    
I10      0.0500   0.0500   0.0500   0.0500   0.0500   0.0500   0.0500   0.0500   0.0500   0.0500   0.0500   0.0500   0.0500   0.0500   0.0500   0.0500   0.0500   0.0500   0.0500   0.0500    
M11      0.0140   0.0283   0.0083   0.0083   0.0083   0.0083   0.0083   0.0140   0.1112   0.0683   0.0254   0.0083   0.0083   0.0083   0.0083   0.0083   0.4944   0.0083   0.1284   0.0140    
D11      0.0000   0.0000   0.0000   0.0000   0.0000   0.0000   0.0000   0.0000   0.0000   0.0000   0.0000   0.0000   0.0000   0.0000   0.0000   0.0000   0.0000   0.0000   0.0000   0.0000    
I11      0.0500   0.0500   0.0500   0.0500   0.0500   0.0500   0.0500   0.0500   0.0500   0.0500   0.0500   0.0500   0.0500   0.0500   0.0500   0.0500   0.0500   0.0500   0.0500   0.0500    
M12      0.0313   0.0083   0.0083   0.0083   0.0083   0.0083   0.0083   0.0083   0.0313   0.4221   0.0083   0.0083   0.0083   0.0083   0.0083   0.0083   0.0083   0.0112   0.2986   0.0888    
D12      0.0000   0.0000   0.0000   0.0000   0.0000   0.0000   0.0000   0.0000   0.0000   0.0000   0.0000   0.0000   0.0000   0.0000   0.0000   0.0000   0.0000   0.0000   0.0000   0.0000    
I12      0.0500   0.0500   0.0500   0.0500   0.0500   0.0500   0.0500   0.0500   0.0500   0.0500   0.0500   0.0500   0.0500   0.0500   0.0500   0.0500   0.0500   0.0500   0.0500   0.0500    
M13      0.0083   0.0083   0.0083   0.0083   0.0083   0.0083   0.0083   0.0141   0.8187   0.0083   0.0083   0.0083   0.0083   0.0083   0.0083   0.0083   0.0083   0.0083   0.0256   0.0083    
D13      0.0000   0.0000   0.0000   0.0000   0.0000   0.0000   0.0000   0.0000   0.0000   0.0000   0.0000   0.0000   0.0000   0.0000   0.0000   0.0000   0.0000   0.0000   0.0000   0.0000    
I13      0.0500   0.0500   0.0500   0.0500   0.0500   0.0500   0.0500   0.0500   0.0500   0.0500   0.0500   0.0500   0.0500   0.0500   0.0500   0.0500   0.0500   0.0500   0.0500   0.0500    
M14      0.0083   0.0083   0.8377   0.0083   0.0083   0.0083   0.0083   0.0083   0.0083   0.0083   0.0083   0.0083   0.0123   0.0083   0.0083   0.0083   0.0083   0.0083   0.0083   0.0083    
D14      0.0000   0.0000   0.0000   0.0000   0.0000   0.0000   0.0000   0.0000   0.0000   0.0000   0.0000   0.0000   0.0000   0.0000   0.0000   0.0000   0.0000   0.0000   0.0000   0.0000    
I14      0.0500   0.0500   0.0500   0.0500   0.0500   0.0500   0.0500   0.0500   0.0500   0.0500   0.0500   0.0500   0.0500   0.0500   0.0500   0.0500   0.0500   0.0500   0.0500   0.0500    
M15      0.0383   0.0363   0.0083   0.0083   0.0083   0.0083   0.0283   0.0103   0.0123   0.4300   0.0083   0.0083   0.0083   0.0083   0.0083   0.0103   0.2621   0.0103   0.0243   0.0623    
D15      0.0000   0.0000   0.0000   0.0000   0.0000   0.0000   0.0000   0.0000   0.0000   0.0000   0.0000   0.0000   0.0000   0.0000   0.0000   0.0000   0.0000   0.0000   0.0000   0.0000    
I15      0.0500   0.0500   0.0500   0.0500   0.0500   0.0500   0.0500   0.0500   0.0500   0.0500   0.0500   0.0500   0.0500   0.0500   0.0500   0.0500   0.0500   0.0500   0.0500   0.0500    
M16      0.0083   0.0083   0.6627   0.0123   0.1674   0.0083   0.0083   0.0083   0.0083   0.0083   0.0083   0.0103   0.0223   0.0083   0.0083   0.0083   0.0083   0.0083   0.0083   0.0083    
D16      0.0000   0.0000   0.0000   0.0000   0.0000   0.0000   0.0000   0.0000   0.0000   0.0000   0.0000   0.0000   0.0000   0.0000   0.0000   0.0000   0.0000   0.0000   0.0000   0.0000    
I16      0.0500   0.0500   0.0500   0.0500   0.0500   0.0500   0.0500   0.0500   0.0500   0.0500   0.0500   0.0500   0.0500   0.0500   0.0500   0.0500   0.0500   0.0500   0.0500   0.0500    
M17      0.0083   0.0123   0.0282   0.0083   0.0083   0.0083   0.3803   0.0103   0.0183   0.1376   0.0083   0.0083   0.0083   0.0302   0.0083   0.0083   0.0859   0.2052   0.0083   0.0083    
D17      0.0000   0.0000   0.0000   0.0000   0.0000   0.0000   0.0000   0.0000   0.0000   0.0000   0.0000   0.0000   0.0000   0.0000   0.0000   0.0000   0.0000   0.0000   0.0000   0.0000    
I17      0.0500   0.0500   0.0500   0.0500   0.0500   0.0500   0.0500   0.0500   0.0500   0.0500   0.0500   0.0500   0.0500   0.0500   0.0500   0.0500   0.0500   0.0500   0.0500   0.0500    
M18      0.0083   0.0521   0.0163   0.0083   0.0083   0.0083   0.0899   0.0083   0.4001   0.0183   0.2609   0.0461   0.0083   0.0083   0.0083   0.0123   0.0083   0.0083   0.0083   0.0123    
D18      0.0000   0.0000   0.0000   0.0000   0.0000   0.0000   0.0000   0.0000   0.0000   0.0000   0.0000   0.0000   0.0000   0.0000   0.0000   0.0000   0.0000   0.0000   0.0000   0.0000    
I18      0.0500   0.0500   0.0500   0.0500   0.0500   0.0500   0.0500   0.0500   0.0500   0.0500   0.0500   0.0500   0.0500   0.0500   0.0500   0.0500   0.0500   0.0500   0.0500   0.0500    
M19      0.8059   0.0083   0.0083   0.0083   0.0083   0.0083   0.0083   0.0083   0.0083   0.0083   0.0083   0.0083   0.0083   0.0083   0.0083   0.0083   0.0083   0.0382   0.0143   0.0083    
D19      0.0000   0.0000   0.0000   0.0000   0.0000   0.0000   0.0000   0.0000   0.0000   0.0000   0.0000   0.0000   0.0000   0.0000   0.0000   0.0000   0.0000   0.0000   0.0000   0.0000    
I19      0.0500   0.0500   0.0500   0.0500   0.0500   0.0500   0.0500   0.0500   0.0500   0.0500   0.0500   0.0500   0.0500   0.0500   0.0500   0.0500   0.0500   0.0500   0.0500   0.0500    
M20      0.0083   0.0083   0.0083   0.0083   0.0083   0.0083   0.0083   0.0163   0.0103   0.0083   0.0083   0.0083   0.0083   0.0083   0.0083   0.0083   0.0083   0.0083   0.8317   0.0083    
D20      0.0000   0.0000   0.0000   0.0000   0.0000   0.0000   0.0000   0.0000   0.0000   0.0000   0.0000   0.0000   0.0000   0.0000   0.0000   0.0000   0.0000   0.0000   0.0000   0.0000    
I20      0.0500   0.0500   0.0500   0.0500   0.0500   0.0500   0.0500   0.0500   0.0500   0.0500   0.0500   0.0500   0.0500   0.0500   0.0500   0.0500   0.0500   0.0500   0.0500   0.0500    
M21      0.0083   0.0083   0.0103   0.0083   0.0083   0.0083   0.0083   0.0123   0.0083   0.0083   0.0083   0.0919   0.7422   0.0083   0.0083   0.0083   0.0103   0.0083   0.0083   0.0163    
D21      0.0000   0.0000   0.0000   0.0000   0.0000   0.0000   0.0000   0.0000   0.0000   0.0000   0.0000   0.0000   0.0000   0.0000   0.0000   0.0000   0.0000   0.0000   0.0000   0.0000    
I21      0.0500   0.0500   0.0500   0.0500   0.0500   0.0500   0.0500   0.0500   0.0500   0.0500   0.0500   0.0500   0.0500   0.0500   0.0500   0.0500   0.0500   0.0500   0.0500   0.0500    
M22      0.0083   0.0083   0.0461   0.0083   0.0083   0.0083   0.0083   0.0083   0.0083   0.0083   0.0083   0.2808   0.5314   0.0083   0.0083   0.0083   0.0083   0.0083   0.0083   0.0083    
D22      0.0000   0.0000   0.0000   0.0000   0.0000   0.0000   0.0000   0.0000   0.0000   0.0000   0.0000   0.0000   0.0000   0.0000   0.0000   0.0000   0.0000   0.0000   0.0000   0.0000    
I22      0.0500   0.0500   0.0500   0.0500   0.0500   0.0500   0.0500   0.0500   0.0500   0.0500   0.0500   0.0500   0.0500   0.0500   0.0500   0.0500   0.0500   0.0500   0.0500   0.0500    
M23      0.0083   0.0143   0.0283   0.0083   0.0083   0.0083   0.3512   0.0103   0.3034   0.0083   0.0083   0.0103   0.0203   0.0083   0.0143   0.0422   0.0422   0.0223   0.0103   0.0721    
D23      0.0000   0.0000   0.0000   0.0000   0.0000   0.0000   0.0000   0.0000   0.0000   0.0000   0.0000   0.0000   0.0000   0.0000   0.0000   0.0000   0.0000   0.0000   0.0000   0.0000    
I23      0.0500   0.0500   0.0500   0.0500   0.0500   0.0500   0.0500   0.0500   0.0500   0.0500   0.0500   0.0500   0.0500   0.0500   0.0500   0.0500   0.0500   0.0500   0.0500   0.0500    
M24      0.0083   0.0083   0.2689   0.0083   0.0083   0.0083   0.0083   0.0083   0.0083   0.0083   0.0083   0.1555   0.3942   0.0083   0.0083   0.0083   0.0083   0.0262   0.0282   0.0103    
D24      0.0000   0.0000   0.0000   0.0000   0.0000   0.0000   0.0000   0.0000   0.0000   0.0000   0.0000   0.0000   0.0000   0.0000   0.0000   0.0000   0.0000   0.0000   0.0000   0.0000    
I24      0.0500   0.0500   0.0500   0.0500   0.0500   0.0500   0.0500   0.0500   0.0500   0.0500   0.0500   0.0500   0.0500   0.0500   0.0500   0.0500   0.0500   0.0500   0.0500   0.0500    
M25      0.0083   0.0083   0.4538   0.0103   0.0083   0.0083   0.0083   0.0083   0.0083   0.0083   0.0083   0.0461   0.0640   0.0083   0.0083   0.0103   0.0083   0.0083   0.0083   0.2987    
D25      0.0000   0.0000   0.0000   0.0000   0.0000   0.0000   0.0000   0.0000   0.0000   0.0000   0.0000   0.0000   0.0000   0.0000   0.0000   0.0000   0.0000   0.0000   0.0000   0.0000    
I25      0.1472   0.0083   0.0083   0.0083   0.0083   0.0083   0.1472   0.0083   0.0083   0.0083   0.0083   0.0083   0.0083   0.0083   0.0083   0.0083   0.0083   0.4250   0.0083   0.1472    
M26      0.0083   0.0083   0.0083   0.0083   0.0083   0.0083   0.2742   0.0209   0.0356   0.0984   0.0083   0.0293   0.0083   0.0083   0.0083   0.0083   0.0188   0.3433   0.0774   0.0104    
D26      0.0000   0.0000   0.0000   0.0000   0.0000   0.0000   0.0000   0.0000   0.0000   0.0000   0.0000   0.0000   0.0000   0.0000   0.0000   0.0000   0.0000   0.0000   0.0000   0.0000    
I26      0.0500   0.0500   0.0500   0.0500   0.0500   0.0500   0.0500   0.0500   0.0500   0.0500   0.0500   0.0500   0.0500   0.0500   0.0500   0.0500   0.0500   0.0500   0.0500   0.0500    
M27      0.0083   0.2699   0.0083   0.0266   0.0083   0.0083   0.4362   0.0225   0.0347   0.0104   0.0205   0.0083   0.0083   0.0104   0.0083   0.0104   0.0732   0.0083   0.0083   0.0104    
D27      0.0000   0.0000   0.0000   0.0000   0.0000   0.0000   0.0000   0.0000   0.0000   0.0000   0.0000   0.0000   0.0000   0.0000   0.0000   0.0000   0.0000   0.0000   0.0000   0.0000    
I27      0.5083   0.0083   0.0083   0.0083   0.0083   0.0083   0.0083   0.0083   0.0083   0.0083   0.0083   0.1750   0.0083   0.0083   0.0083   0.0083   0.0083   0.1750   0.0083   0.0083    
M28      0.0083   0.0083   0.0083   0.0251   0.0083   0.0083   0.3736   0.0104   0.3148   0.0713   0.0104   0.0650   0.0104   0.0083   0.0083   0.0083   0.0083   0.0104   0.0167   0.0167    
D28      0.0000   0.0000   0.0000   0.0000   0.0000   0.0000   0.0000   0.0000   0.0000   0.0000   0.0000   0.0000   0.0000   0.0000   0.0000   0.0000   0.0000   0.0000   0.0000   0.0000    
I28      0.0083   0.4250   0.0083   0.0083   0.0083   0.0083   0.0083   0.0083   0.0083   0.0083   0.0083   0.0083   0.0083   0.0083   0.0083   0.0083   0.0083   0.0083   0.0083   0.4250    
M29      0.3673   0.2812   0.0146   0.0083   0.0104   0.0083   0.0083   0.0104   0.0440   0.0377   0.0083   0.0083   0.0146   0.0083   0.0083   0.0125   0.0083   0.0125   0.1175   0.0104    
D29      0.0000   0.0000   0.0000   0.0000   0.0000   0.0000   0.0000   0.0000   0.0000   0.0000   0.0000   0.0000   0.0000   0.0000   0.0000   0.0000   0.0000   0.0000   0.0000   0.0000    
I29      0.0083   0.0083   0.0083   0.0083   0.0083   0.0083   0.0083   0.0083   0.0083   0.1472   0.0083   0.7028   0.0083   0.0083   0.0083   0.0083   0.0083   0.0083   0.0083   0.0083    
M30      0.0104   0.0206   0.0083   0.0083   0.0083   0.0083   0.0083   0.3486   0.3303   0.0124   0.0389   0.0104   0.0083   0.0083   0.0083   0.0389   0.0083   0.0206   0.0858   0.0083    
D30      0.0000   0.0000   0.0000   0.0000   0.0000   0.0000   0.0000   0.0000   0.0000   0.0000   0.0000   0.0000   0.0000   0.0000   0.0000   0.0000   0.0000   0.0000   0.0000   0.0000    
I30      0.0083   0.8417   0.0083   0.0083   0.0083   0.0083   0.0083   0.0083   0.0083   0.0083   0.0083   0.0083   0.0083   0.0083   0.0083   0.0083   0.0083   0.0083   0.0083   0.0083    
M31      0.0584   0.0163   0.0083   0.0083   0.0083   0.0083   0.0083   0.5572   0.0444   0.0644   0.0504   0.0083   0.0103   0.0083   0.0083   0.0123   0.0103   0.0284   0.0724   0.0083    
D31      0.0000   0.0000   0.0000   0.0000   0.0000   0.0000   0.0000   0.0000   0.0000   0.0000   0.0000   0.0000   0.0000   0.0000   0.0000   0.0000   0.0000   0.0000   0.0000   0.0000    
I31      0.0083   0.0083   0.8417   0.0083   0.0083   0.0083   0.0083   0.0083   0.0083   0.0083   0.0083   0.0083   0.0083   0.0083   0.0083   0.0083   0.0083   0.0083   0.0083   0.0083    
M32      0.5234   0.0104   0.0083   0.0083   0.0083   0.0083   0.0083   0.0104   0.0167   0.0104   0.0083   0.0083   0.0083   0.0083   0.0083   0.0167   0.0083   0.2763   0.0356   0.0083    
D32      0.0000   0.0000   0.0000   0.0000   0.0000   0.0000   0.0000   0.0000   0.0000   0.0000   0.0000   0.0000   0.0000   0.0000   0.0000   0.0000   0.0000   0.0000   0.0000   0.0000    
I32      0.0500   0.0500   0.0500   0.0500   0.0500   0.0500   0.0500   0.0500   0.0500   0.0500   0.0500   0.0500   0.0500   0.0500   0.0500   0.0500   0.0500   0.0500   0.0500   0.0500    
M33      0.0083   0.0083   0.0083   0.0083   0.0083   0.8417   0.0083   0.0083   0.0083   0.0083   0.0083   0.0083   0.0083   0.0083   0.0083   0.0083   0.0083   0.0083   0.0083   0.0083    
D33      0.0000   0.0000   0.0000   0.0000   0.0000   0.0000   0.0000   0.0000   0.0000   0.0000   0.0000   0.0000   0.0000   0.0000   0.0000   0.0000   0.0000   0.0000   0.0000   0.0000    
I33      0.0500   0.0500   0.0500   0.0500   0.0500   0.0500   0.0500   0.0500   0.0500   0.0500   0.0500   0.0500   0.0500   0.0500   0.0500   0.0500   0.0500   0.0500   0.0500   0.0500    
M34      0.0083   0.0083   0.0103   0.0083   0.0123   0.7880   0.0083   0.0083   0.0083   0.0083   0.0083   0.0103   0.0103   0.0402   0.0203   0.0083   0.0083   0.0083   0.0083   0.0083    
D34      0.0000   0.0000   0.0000   0.0000   0.0000   0.0000   0.0000   0.0000   0.0000   0.0000   0.0000   0.0000   0.0000   0.0000   0.0000   0.0000   0.0000   0.0000   0.0000   0.0000    
I34      0.0500   0.0500   0.0500   0.0500   0.0500   0.0500   0.0500   0.0500   0.0500   0.0500   0.0500   0.0500   0.0500   0.0500   0.0500   0.0500   0.0500   0.0500   0.0500   0.0500    
M35      0.0083   0.0083   0.0123   0.0103   0.0083   0.0083   0.1456   0.0242   0.3484   0.0083   0.0083   0.0083   0.0083   0.0083   0.0302   0.0083   0.3106   0.0083   0.0083   0.0183    
D35      0.0000   0.0000   0.0000   0.0000   0.0000   0.0000   0.0000   0.0000   0.0000   0.0000   0.0000   0.0000   0.0000   0.0000   0.0000   0.0000   0.0000   0.0000   0.0000   0.0000    
I35      0.0500   0.0500   0.0500   0.0500   0.0500   0.0500   0.0500   0.0500   0.0500   0.0500   0.0500   0.0500   0.0500   0.0500   0.0500   0.0500   0.0500   0.0500   0.0500   0.0500    
M36      0.8039   0.0441   0.0083   0.0083   0.0083   0.0083   0.0083   0.0083   0.0083   0.0083   0.0083   0.0083   0.0083   0.0103   0.0083   0.0083   0.0083   0.0083   0.0083   0.0083    
D36      0.0000   0.0000   0.0000   0.0000   0.0000   0.0000   0.0000   0.0000   0.0000   0.0000   0.0000   0.0000   0.0000   0.0000   0.0000   0.0000   0.0000   0.0000   0.0000   0.0000    
I36      0.0500   0.0500   0.0500   0.0500   0.0500   0.0500   0.0500   0.0500   0.0500   0.0500   0.0500   0.0500   0.0500   0.0500   0.0500   0.0500   0.0500   0.0500   0.0500   0.0500    
M37      0.0083   0.0083   0.0083   0.0083   0.0083   0.0083   0.0163   0.0163   0.4638   0.0421   0.0083   0.0083   0.0103   0.0083   0.0083   0.0083   0.3027   0.0103   0.0083   0.0382    
D37      0.0000   0.0000   0.0000   0.0000   0.0000   0.0000   0.0000   0.0000   0.0000   0.0000   0.0000   0.0000   0.0000   0.0000   0.0000   0.0000   0.0000   0.0000   0.0000   0.0000    
I37      0.0083   0.0083   0.0083   0.0083   0.0083   0.0083   0.0083   0.0083   0.0083   0.0083   0.0083   0.0083   0.0083   0.0083   0.0083   0.0083   0.0083   0.4250   0.0083   0.4250    
M38      0.0103   0.0083   0.1495   0.0322   0.0103   0.0083   0.0103   0.0083   0.0083   0.0083   0.0083   0.0342   0.3544   0.0402   0.0083   0.0103   0.0103   0.2629   0.0083   0.0083    
D38      0.0000   0.0000   0.0000   0.0000   0.0000   0.0000   0.0000   0.0000   0.0000   0.0000   0.0000   0.0000   0.0000   0.0000   0.0000   0.0000   0.0000   0.0000   0.0000   0.0000    
I38      0.0083   0.1757   0.0083   0.0083   0.0083   0.0083   0.0117   0.0083   0.0083   0.2593   0.0117   0.0083   0.0150   0.0083   0.0083   0.0083   0.0083   0.0083   0.0083   0.4099    
M39      0.0163   0.0083   0.0083   0.0083   0.0083   0.0083   0.0123   0.0123   0.0083   0.0143   0.0103   0.0083   0.0083   0.0083   0.3464   0.0322   0.0521   0.1515   0.0123   0.2649    
D39      0.0000   0.0000   0.0000   0.0000   0.0000   0.0000   0.0000   0.0000   0.0000   0.0000   0.0000   0.0000   0.0000   0.0000   0.0000   0.0000   0.0000   0.0000   0.0000   0.0000    
I39      0.0083   0.0083   0.0083   0.0083   0.0083   0.0083   0.0083   0.0083   0.0083   0.8417   0.0083   0.0083   0.0083   0.0083   0.0083   0.0083   0.0083   0.0083   0.0083   0.0083    
M40      0.5672   0.0123   0.0083   0.0083   0.0083   0.0083   0.0103   0.0083   0.0083   0.0103   0.0103   0.0083   0.0083   0.0083   0.0083   0.0123   0.0083   0.2669   0.0103   0.0083    
D40      0.0000   0.0000   0.0000   0.0000   0.0000   0.0000   0.0000   0.0000   0.0000   0.0000   0.0000   0.0000   0.0000   0.0000   0.0000   0.0000   0.0000   0.0000   0.0000   0.0000    
I40      0.0500   0.0500   0.0500   0.0500   0.0500   0.0500   0.0500   0.0500   0.0500   0.0500   0.0500   0.0500   0.0500   0.0500   0.0500   0.0500   0.0500   0.0500   0.0500   0.0500    
M41      0.0103   0.0083   0.0083   0.0103   0.0083   0.0083   0.1237   0.0660   0.2589   0.0083   0.0083   0.0103   0.0083   0.0123   0.0083   0.0143   0.3842   0.0143   0.0183   0.0103    
D41      0.0000   0.0000   0.0000   0.0000   0.0000   0.0000   0.0000   0.0000   0.0000   0.0000   0.0000   0.0000   0.0000   0.0000   0.0000   0.0000   0.0000   0.0000   0.0000   0.0000    
I41      0.1750   0.0083   0.0083   0.0083   0.0083   0.0083   0.3417   0.1750   0.0083   0.0083   0.0083   0.0083   0.0083   0.0083   0.0083   0.0083   0.1750   0.0083   0.0083   0.0083    
M42      0.0083   0.0123   0.0103   0.0083   0.0083   0.0083   0.0203   0.0342   0.0541   0.0302   0.0083   0.5374   0.0958   0.0083   0.0083   0.0103   0.0561   0.0103   0.0083   0.0620    
D42      0.0000   0.0000   0.0000   0.0000   0.0000   0.0000   0.0000   0.0000   0.0000   0.0000   0.0000   0.0000   0.0000   0.0000   0.0000   0.0000   0.0000   0.0000   0.0000   0.0000    
I42      0.0500   0.0500   0.0500   0.0500   0.0500   0.0500   0.0500   0.0500   0.0500   0.0500   0.0500   0.0500   0.0500   0.0500   0.0500   0.0500   0.0500   0.0500   0.0500   0.0500    
M43      0.8417   0.0083   0.0083   0.0083   0.0083   0.0083   0.0083   0.0083   0.0083   0.0083   0.0083   0.0083   0.0083   0.0083   0.0083   0.0083   0.0083   0.0083   0.0083   0.0083    
D43      0.0000   0.0000   0.0000   0.0000   0.0000   0.0000   0.0000   0.0000   0.0000   0.0000   0.0000   0.0000   0.0000   0.0000   0.0000   0.0000   0.0000   0.0000   0.0000   0.0000    
I43      0.0500   0.0500   0.0500   0.0500   0.0500   0.0500   0.0500   0.0500   0.0500   0.0500   0.0500   0.0500   0.0500   0.0500   0.0500   0.0500   0.0500   0.0500   0.0500   0.0500    
M44      0.0083   0.0083   0.0740   0.0640   0.0441   0.6507   0.0083   0.0123   0.0083   0.0083   0.0083   0.0203   0.0183   0.0083   0.0163   0.0083   0.0083   0.0083   0.0083   0.0083    
D44      0.0000   0.0000   0.0000   0.0000   0.0000   0.0000   0.0000   0.0000   0.0000   0.0000   0.0000   0.0000   0.0000   0.0000   0.0000   0.0000   0.0000   0.0000   0.0000   0.0000    
I44      0.0500   0.0500   0.0500   0.0500   0.0500   0.0500   0.0500   0.0500   0.0500   0.0500   0.0500   0.0500   0.0500   0.0500   0.0500   0.0500   0.0500   0.0500   0.0500   0.0500    
M45      0.0083   0.0083   0.0083   0.0083   0.7820   0.0083   0.0083   0.0083   0.0083   0.0083   0.0083   0.0402   0.0362   0.0083   0.0083   0.0083   0.0083   0.0083   0.0083   0.0083    
D45      0.0000   0.0000   0.0000   0.0000   0.0000   0.0000   0.0000   0.0000   0.0000   0.0000   0.0000   0.0000   0.0000   0.0000   0.0000   0.0000   0.0000   0.0000   0.0000   0.0000    
I45      0.0500   0.0500   0.0500   0.0500   0.0500   0.0500   0.0500   0.0500   0.0500   0.0500   0.0500   0.0500   0.0500   0.0500   0.0500   0.0500   0.0500   0.0500   0.0500   0.0500    
M46      0.0083   0.0083   0.0083   0.0083   0.0083   0.0083   0.0083   0.0083   0.0083   0.0083   0.8417   0.0083   0.0083   0.0083   0.0083   0.0083   0.0083   0.0083   0.0083   0.0083    
D46      0.0000   0.0000   0.0000   0.0000   0.0000   0.0000   0.0000   0.0000   0.0000   0.0000   0.0000   0.0000   0.0000   0.0000   0.0000   0.0000   0.0000   0.0000   0.0000   0.0000    
I46      0.0083   0.3130   0.0083   0.0083   0.0083   0.0083   0.0083   0.0083   0.0083   0.5370   0.0083   0.0083   0.0083   0.0083   0.0083   0.0083   0.0083   0.0083   0.0083   0.0083    
End      0.0000   0.0000   0.0000   0.0000   0.0000   0.0000   0.0000   0.0000   0.0000   0.0000   0.0000   0.0000   0.0000   0.0000   0.0000   0.0000   0.0000   0.0000   0.0000   0.0000    
