         G        A        L        M        F        W        K        Q        E        S        P        V        I        C        Y        H        R        N        D        T         
Start    0.0000   0.0000   0.0000   0.0000   0.0000   0.0000   0.0000   0.0000   0.0000   0.0000   0.0000   0.0000   0.0000   0.0000   0.0000   0.0000   0.0000   0.0000   0.0000   0.0000    
I0       0.0500   0.0500   0.0500   0.0500   0.0500   0.0500   0.0500   0.0500   0.0500   0.0500   0.0500   0.0500   0.0500   0.0500   0.0500   0.0500   0.0500   0.0500   0.0500   0.0500    
M1       0.0136   0.0083   0.0660   0.0136   0.2861   0.0136   0.0188   0.0188   0.0083   0.0188   0.0083   0.0188   0.0345   0.0241   0.2966   0.0869   0.0083   0.0136   0.0188   0.0241    
D1       0.0000   0.0000   0.0000   0.0000   0.0000   0.0000   0.0000   0.0000   0.0000   0.0000   0.0000   0.0000   0.0000   0.0000   0.0000   0.0000   0.0000   0.0000   0.0000   0.0000    
I1       0.0500   0.0500   0.0500   0.0500   0.0500   0.0500   0.0500   0.0500   0.0500   0.0500   0.0500   0.0500   0.0500   0.0500   0.0500   0.0500   0.0500   0.0500   0.0500   0.0500    
M2       0.0083   0.0345   0.0188   0.0241   0.0188   0.0083   0.1551   0.0974   0.0869   0.0712   0.0450   0.0817   0.0398   0.0136   0.0293   0.0188   0.1079   0.0293   0.0241   0.0869    
D2       0.0000   0.0000   0.0000   0.0000   0.0000   0.0000   0.0000   0.0000   0.0000   0.0000   0.0000   0.0000   0.0000   0.0000   0.0000   0.0000   0.0000   0.0000   0.0000   0.0000    
I2       0.0500   0.0500   0.0500   0.0500   0.0500   0.0500   0.0500   0.0500   0.0500   0.0500   0.0500   0.0500   0.0500   0.0500   0.0500   0.0500   0.0500   0.0500   0.0500   0.0500    
M3       0.0083   0.0083   0.0083   0.0083   0.0083   0.0083   0.0083   0.0083   0.0083   0.0083   0.0083   0.0083   0.0083   0.8417   0.0083   0.0083   0.0083   0.0083   0.0083   0.0083    
D3       0.0000   0.0000   0.0000   0.0000   0.0000   0.0000   0.0000   0.0000   0.0000   0.0000   0.0000   0.0000   0.0000   0.0000   0.0000   0.0000   0.0000   0.0000   0.0000   0.0000    
I3       0.0500   0.0500   0.0500   0.0500   0.0500   0.0500   0.0500   0.0500   0.0500   0.0500   0.0500   0.0500   0.0500   0.0500   0.0500   0.0500   0.0500   0.0500   0.0500   0.0500    
M4       0.0555   0.0345   0.0293   0.0136   0.0188   0.0136   0.1079   0.0398   0.0817   0.0974   0.1394   0.0293   0.0083   0.0136   0.0188   0.0607   0.0241   0.0660   0.0660   0.0817    
D4       0.0000   0.0000   0.0000   0.0000   0.0000   0.0000   0.0000   0.0000   0.0000   0.0000   0.0000   0.0000   0.0000   0.0000   0.0000   0.0000   0.0000   0.0000   0.0000   0.0000    
I4       0.0294   0.0822   0.0083   0.0083   0.0822   0.0611   0.0716   0.0400   0.0822   0.0294   0.1349   0.0611   0.0505   0.0083   0.0716   0.0400   0.0400   0.0083   0.0611   0.0294    
M5       0.0885   0.0137   0.0671   0.0244   0.0297   0.0137   0.0778   0.0457   0.0938   0.0190   0.0083   0.0618   0.0938   0.0083   0.0778   0.0618   0.0244   0.0404   0.1152   0.0350    
D5       0.0000   0.0000   0.0000   0.0000   0.0000   0.0000   0.0000   0.0000   0.0000   0.0000   0.0000   0.0000   0.0000   0.0000   0.0000   0.0000   0.0000   0.0000   0.0000   0.0000    
I5       0.0500   0.0500   0.0500   0.0500   0.0500   0.0500   0.0500   0.0500   0.0500   0.0500   0.0500   0.0500   0.0500   0.0500   0.0500   0.0500   0.0500   0.0500   0.0500   0.0500    
M6       0.0083   0.0083   0.0083   0.0083   0.0083   0.0083   0.0083   0.0083   0.0083   0.0083   0.0083   0.0083   0.0083   0.8417   0.0083   0.0083   0.0083   0.0083   0.0083   0.0083    
D6       0.0000   0.0000   0.0000   0.0000   0.0000   0.0000   0.0000   0.0000   0.0000   0.0000   0.0000   0.0000   0.0000   0.0000   0.0000   0.0000   0.0000   0.0000   0.0000   0.0000    
I6       0.0500   0.0500   0.0500   0.0500   0.0500   0.0500   0.0500   0.0500   0.0500   0.0500   0.0500   0.0500   0.0500   0.0500   0.0500   0.0500   0.0500   0.0500   0.0500   0.0500    
M7       0.2861   0.0188   0.0188   0.0083   0.0188   0.0136   0.0660   0.0450   0.0555   0.0503   0.0503   0.0136   0.0083   0.0083   0.0136   0.0398   0.0293   0.0765   0.1341   0.0450    
D7       0.0000   0.0000   0.0000   0.0000   0.0000   0.0000   0.0000   0.0000   0.0000   0.0000   0.0000   0.0000   0.0000   0.0000   0.0000   0.0000   0.0000   0.0000   0.0000   0.0000    
I7       0.0083   0.0083   0.1472   0.0083   0.0083   0.0083   0.0083   0.0083   0.2861   0.1472   0.0083   0.0083   0.0083   0.0083   0.0083   0.0083   0.1472   0.0083   0.1472   0.0083    
M8       0.0136   0.0345   0.0503   0.0241   0.0241   0.0188   0.3385   0.0450   0.0712   0.0136   0.0136   0.0241   0.0345   0.0136   0.0450   0.0188   0.1446   0.0136   0.0083   0.0503    
D8       0.0000   0.0000   0.0000   0.0000   0.0000   0.0000   0.0000   0.0000   0.0000   0.0000   0.0000   0.0000   0.0000   0.0000   0.0000   0.0000   0.0000   0.0000   0.0000   0.0000    
I8       0.0500   0.0500   0.0500   0.0500   0.0500   0.0500   0.0500   0.0500   0.0500   0.0500   0.0500   0.0500   0.0500   0.0500   0.0500   0.0500   0.0500   0.0500   0.0500   0.0500    
M9       0.0450   0.0869   0.0188   0.0293   0.0293   0.0083   0.0660   0.0241   0.0398   0.1656   0.0345   0.0974   0.0345   0.0450   0.0136   0.0241   0.0660   0.0293   0.0188   0.1236    
D9       0.0000   0.0000   0.0000   0.0000   0.0000   0.0000   0.0000   0.0000   0.0000   0.0000   0.0000   0.0000   0.0000   0.0000   0.0000   0.0000   0.0000   0.0000   0.0000   0.0000    
I9       0.0500   0.0500   0.0500   0.0500   0.0500   0.0500   0.0500   0.0500   0.0500   0.0500   0.0500   0.0500   0.0500   0.0500   0.0500   0.0500   0.0500   0.0500   0.0500   0.0500    
M10      0.0136   0.0136   0.0450   0.0083   0.5744   0.0083   0.0083   0.0083   0.0083   0.0345   0.0083   0.0241   0.0136   0.0293   0.1184   0.0083   0.0136   0.0083   0.0083   0.0450    
D10      0.0000   0.0000   0.0000   0.0000   0.0000   0.0000   0.0000   0.0000   0.0000   0.0000   0.0000   0.0000   0.0000   0.0000   0.0000   0.0000   0.0000   0.0000   0.0000   0.0000    
I10      0.0500   0.0500   0.0500   0.0500   0.0500   0.0500   0.0500   0.0500   0.0500   0.0500   0.0500   0.0500   0.0500   0.0500   0.0500   0.0500   0.0500   0.0500   0.0500   0.0500    
M11      0.0245   0.0728   0.0083   0.0137   0.0137   0.0083   0.1266   0.0137   0.0352   0.1535   0.0352   0.0675   0.0352   0.0298   0.0245   0.0137   0.1051   0.0513   0.0298   0.1374    
D11      0.0000   0.0000   0.0000   0.0000   0.0000   0.0000   0.0000   0.0000   0.0000   0.0000   0.0000   0.0000   0.0000   0.0000   0.0000   0.0000   0.0000   0.0000   0.0000   0.0000    
I11      0.0500   0.0500   0.0500   0.0500   0.0500   0.0500   0.0500   0.0500   0.0500   0.0500   0.0500   0.0500   0.0500   0.0500   0.0500   0.0500   0.0500   0.0500   0.0500   0.0500    
M12      0.0241   0.0188   0.0188   0.0136   0.0241   0.0083   0.0555   0.0974   0.0241   0.1027   0.0136   0.0345   0.0136   0.0083   0.0345   0.0503   0.1656   0.0765   0.0922   0.1236    
D12      0.0000   0.0000   0.0000   0.0000   0.0000   0.0000   0.0000   0.0000   0.0000   0.0000   0.0000   0.0000   0.0000   0.0000   0.0000   0.0000   0.0000   0.0000   0.0000   0.0000    
I12      0.0500   0.0500   0.0500   0.0500   0.0500   0.0500   0.0500   0.0500   0.0500   0.0500   0.0500   0.0500   0.0500   0.0500   0.0500   0.0500   0.0500   0.0500   0.0500   0.0500    
M13      0.0136   0.0765   0.0660   0.0136   0.0188   0.0345   0.1446   0.0817   0.0398   0.1236   0.0817   0.0188   0.0188   0.0188   0.0188   0.0241   0.0922   0.0712   0.0136   0.0293    
D13      0.0000   0.0000   0.0000   0.0000   0.0000   0.0000   0.0000   0.0000   0.0000   0.0000   0.0000   0.0000   0.0000   0.0000   0.0000   0.0000   0.0000   0.0000   0.0000   0.0000    
I13      0.0500   0.0500   0.0500   0.0500   0.0500   0.0500   0.0500   0.0500   0.0500   0.0500   0.0500   0.0500   0.0500   0.0500   0.0500   0.0500   0.0500   0.0500   0.0500   0.0500    
M14      0.0765   0.0765   0.0188   0.0136   0.0293   0.0136   0.0555   0.0293   0.0607   0.2285   0.0241   0.0345   0.0241   0.0136   0.0450   0.0398   0.0398   0.0345   0.0869   0.0555    
D14      0.0000   0.0000   0.0000   0.0000   0.0000   0.0000   0.0000   0.0000   0.0000   0.0000   0.0000   0.0000   0.0000   0.0000   0.0000   0.0000   0.0000   0.0000   0.0000   0.0000    
I14      0.0500   0.0500   0.0500   0.0500   0.0500   0.0500   0.0500   0.0500   0.0500   0.0500   0.0500   0.0500   0.0500   0.0500   0.0500   0.0500   0.0500   0.0500   0.0500   0.0500    
M15      0.0450   0.0712   0.0765   0.0241   0.0136   0.0136   0.0450   0.0765   0.0712   0.0922   0.0136   0.0136   0.0083   0.0136   0.0345   0.0765   0.0188   0.1603   0.0712   0.0607    
D15      0.0000   0.0000   0.0000   0.0000   0.0000   0.0000   0.0000   0.0000   0.0000   0.0000   0.0000   0.0000   0.0000   0.0000   0.0000   0.0000   0.0000   0.0000   0.0000   0.0000    
I15      0.0500   0.0500   0.0500   0.0500   0.0500   0.0500   0.0500   0.0500   0.0500   0.0500   0.0500   0.0500   0.0500   0.0500   0.0500   0.0500   0.0500   0.0500   0.0500   0.0500    
M16      0.0083   0.0136   0.6215   0.0293   0.0869   0.0136   0.0136   0.0136   0.0083   0.0083   0.0083   0.0345   0.0241   0.0083   0.0450   0.0083   0.0188   0.0136   0.0083   0.0136    
D16      0.0000   0.0000   0.0000   0.0000   0.0000   0.0000   0.0000   0.0000   0.0000   0.0000   0.0000   0.0000   0.0000   0.0000   0.0000   0.0000   0.0000   0.0000   0.0000   0.0000    
I16      0.0500   0.0500   0.0500   0.0500   0.0500   0.0500   0.0500   0.0500   0.0500   0.0500   0.0500   0.0500   0.0500   0.0500   0.0500   0.0500   0.0500   0.0500   0.0500   0.0500    
M17      0.0136   0.0503   0.0607   0.0241   0.0345   0.0136   0.1394   0.0817   0.0712   0.0503   0.0083   0.0345   0.0607   0.0188   0.0188   0.0188   0.1132   0.0660   0.0188   0.1027    
D17      0.0000   0.0000   0.0000   0.0000   0.0000   0.0000   0.0000   0.0000   0.0000   0.0000   0.0000   0.0000   0.0000   0.0000   0.0000   0.0000   0.0000   0.0000   0.0000   0.0000    
I17      0.0500   0.0500   0.0500   0.0500   0.0500   0.0500   0.0500   0.0500   0.0500   0.0500   0.0500   0.0500   0.0500   0.0500   0.0500   0.0500   0.0500   0.0500   0.0500   0.0500    
M18      0.0188   0.0869   0.0503   0.0241   0.0083   0.0136   0.1394   0.0503   0.0450   0.0660   0.0083   0.0555   0.0450   0.0083   0.0188   0.0398   0.1760   0.0555   0.0293   0.0607    
D18      0.0000   0.0000   0.0000   0.0000   0.0000   0.0000   0.0000   0.0000   0.0000   0.0000   0.0000   0.0000   0.0000   0.0000   0.0000   0.0000   0.0000   0.0000   0.0000   0.0000    
I18      0.0500   0.0500   0.0500   0.0500   0.0500   0.0500   0.0500   0.0500   0.0500   0.0500   0.0500   0.0500   0.0500   0.0500   0.0500   0.0500   0.0500   0.0500   0.0500   0.0500    
M19      0.0083   0.0083   0.0083   0.0083   0.0083   0.0083   0.0083   0.0083   0.0083   0.0083   0.0083   0.0083   0.0083   0.0083   0.0083   0.8417   0.0083   0.0083   0.0083   0.0083    
D19      0.0000   0.0000   0.0000   0.0000   0.0000   0.0000   0.0000   0.0000   0.0000   0.0000   0.0000   0.0000   0.0000   0.0000   0.0000   0.0000   0.0000   0.0000   0.0000   0.0000    
I19      0.0500   0.0500   0.0500   0.0500   0.0500   0.0500   0.0500   0.0500   0.0500   0.0500   0.0500   0.0500   0.0500   0.0500   0.0500   0.0500   0.0500   0.0500   0.0500   0.0500    
M20      0.0188   0.0345   0.1498   0.1289   0.0188   0.0136   0.0503   0.1027   0.0345   0.0241   0.0083   0.0607   0.1446   0.0083   0.0398   0.0293   0.0660   0.0136   0.0083   0.0450    
D20      0.0000   0.0000   0.0000   0.0000   0.0000   0.0000   0.0000   0.0000   0.0000   0.0000   0.0000   0.0000   0.0000   0.0000   0.0000   0.0000   0.0000   0.0000   0.0000   0.0000    
I20      0.0500   0.0500   0.0500   0.0500   0.0500   0.0500   0.0500   0.0500   0.0500   0.0500   0.0500   0.0500   0.0500   0.0500   0.0500   0.0500   0.0500   0.0500   0.0500   0.0500    
M21      0.0188   0.0450   0.0922   0.0345   0.0188   0.0083   0.1341   0.0607   0.0345   0.0555   0.0083   0.0241   0.0398   0.0241   0.0188   0.0241   0.2442   0.0555   0.0241   0.0345    
D21      0.0000   0.0000   0.0000   0.0000   0.0000   0.0000   0.0000   0.0000   0.0000   0.0000   0.0000   0.0000   0.0000   0.0000   0.0000   0.0000   0.0000   0.0000   0.0000   0.0000    
I21      0.0500   0.0500   0.0500   0.0500   0.0500   0.0500   0.0500   0.0500   0.0500   0.0500   0.0500   0.0500   0.0500   0.0500   0.0500   0.0500   0.0500   0.0500   0.0500   0.0500    
M22      0.0345   0.0398   0.0607   0.0345   0.0188   0.0136   0.0974   0.0293   0.0345   0.1079   0.0083   0.0817   0.0817   0.0083   0.0241   0.0188   0.0765   0.0293   0.0188   0.1813    
D22      0.0000   0.0000   0.0000   0.0000   0.0000   0.0000   0.0000   0.0000   0.0000   0.0000   0.0000   0.0000   0.0000   0.0000   0.0000   0.0000   0.0000   0.0000   0.0000   0.0000    
I22      0.0566   0.0808   0.0446   0.0325   0.0204   0.0083   0.0929   0.0446   0.0446   0.0325   0.0083   0.1291   0.0566   0.0566   0.0325   0.0808   0.0204   0.0566   0.0446   0.0566    
M23      0.0083   0.0083   0.0083   0.0083   0.0083   0.0083   0.0083   0.0083   0.0083   0.0083   0.0083   0.0083   0.0083   0.0083   0.0083   0.8417   0.0083   0.0083   0.0083   0.0083    
D23      0.0000   0.0000   0.0000   0.0000   0.0000   0.0000   0.0000   0.0000   0.0000   0.0000   0.0000   0.0000   0.0000   0.0000   0.0000   0.0000   0.0000   0.0000   0.0000   0.0000    
I23      0.0500   0.0500   0.0500   0.0500   0.0500   0.0500   0.0500   0.0500   0.0500   0.0500   0.0500   0.0500   0.0500   0.0500   0.0500   0.0500   0.0500   0.0500   0.0500   0.0500    
End      0.0000   0.0000   0.0000   0.0000   0.0000   0.0000   0.0000   0.0000   0.0000   0.0000   0.0000   0.0000   0.0000   0.0000   0.0000   0.0000   0.0000   0.0000   0.0000   0.0000    
